              precision    recall  f1-score   support

     bicycle     0.9343    0.8333    0.8809       324
        boat     0.9407    0.9640    0.9522      1777
         bus     0.9154    0.9479    0.9314       845
         car     0.8253    0.9137    0.8672      1691
  helicopter     0.9859    0.9211    0.9524       152
     minibus     0.7690    0.7370    0.7527       289
  motorcycle     0.9447    0.9404    0.9426       890
        taxi     0.8028    0.5700    0.6667       200
       train     0.9465    0.9319    0.9392       323
       truck     0.8912    0.7268    0.8006       710

    accuracy                         0.8957      7201
   macro avg     0.8956    0.8486    0.8686      7201
weighted avg     0.8965    0.8957    0.8939      7201
